PART_ID 0
BOXCENTER 0.363913 0.0132065 0.00276269
BOXSCALE 3.2074 0.375079 0.35983
BOXORIX 0.999989 -0.00466589 0.000659805
BOXORIY 0.00471218 0.991126 -0.13284
BOXORIZ -3.41369e-005 0.132841 0.991137
PART_ID 1
BOXCENTER 0.183959 -0.768346 -0.0766976
BOXSCALE 0.674298 1.62924 0.268122
BOXORIX 0.763513 -0.542304 0.350648
BOXORIY 0.623768 0.759887 -0.182991
BOXORIZ -0.167216 0.358439 0.918456
PART_ID 2
BOXCENTER 0.180622 0.828625 -0.0729659
BOXSCALE 0.596606 1.62521 0.307153
BOXORIX 0.674399 0.564289 0.476198
BOXORIY -0.705264 0.683239 0.189175
BOXORIZ -0.218608 -0.463424 0.858748
PART_ID 3
BOXCENTER -1.69317 -0.00157226 0.408241
BOXSCALE 0.425226 0.0544009 0.751393
BOXORIX 0.951824 0.0124578 0.306393
BOXORIY -0.0120574 0.999922 -0.00319953
BOXORIZ -0.306409 -0.000648903 0.9519
PART_ID 4
BOXCENTER -1.80152 0.361156 0.108138
BOXSCALE 0.2404 0.648938 0.0123682
BOXORIX 0.877803 0.475961 0.054066
BOXORIY -0.479001 0.873207 0.0898238
BOXORIZ -0.00445809 -0.104745 0.994489
PART_ID 5
BOXCENTER -1.80152 0.361156 0.108138
BOXSCALE 0.2404 0.648938 0.0123682
BOXORIX 0.877803 0.475961 0.054066
BOXORIY -0.479001 0.873207 0.0898238
BOXORIZ -0.00445809 -0.104745 0.994489
PART_ID 6
BOXCENTER -1.80152 0.361156 0.108138
BOXSCALE 0.2404 0.648938 0.0123682
BOXORIX 0.877803 0.475961 0.054066
BOXORIY -0.479001 0.873207 0.0898238
BOXORIZ -0.00445809 -0.104745 0.994489